8,23 11,08
8
90
9,96
9,52
10,81
9,38
10,33
10,90
8,99
8,88
8,97
10,63
10,54
10,82
10,95
10,18
9,24
10,12
10,86
8,25
8,32
10,86
10,23
9,93
9,55
9,81
10,79
11,07
9,52
10,46
10,87
10,48
10,84
10,11
9,81
8,63
10,36
10,48
9,58
9,14
9,59
9,03
10,80
9,94
9,20
9,37
10,46
10,83
9,53
9,66
10,70
9,34
9,06
8,80
9,59
9,56
9,67
8,35
11,07
10,04
10,21
9,94
10,12
9,56
9,13
10,12
8,55
10,58
8,57
10,23
9,91
8,38
9,13
8,58
9,13
9,26
9,07
9,96
11,07
10,79
10,36
9,51
10,80
9,69
8,82
10,75
10,65
8,30
10,33
9,65
8,49
10,79
